sky{
sun_dir: 0.433013 0.500000 0.750000
sun_size: 0.005000
sun_color: 1.000000 1.000000 1.000000
ground_color: 0.500000 0.500000 0.500000
horizon_color: 1.000000 1.000000 1.000000
zenith_color: 0.800000 0.800000 1.000000
}
camera{
transform: position 0.000000 3.000000 -7.000000 rotation -0.000000 -0.000000 -0.000000 scale 1.000000 1.000000 1.000000
focal_length: 1.000000
focal_plane: 1.000000
f_stop: 0.000000
}
materials{
ground_mat: diffuse 0.639216 0.639216 0.639216 roughness 0.200000 metallic 0.000000 emissive 0.000000
ceiling_mat: diffuse 0.372549 0.305882 0.247059 roughness 1.000000 metallic 0.000000 emissive 0.000000
railing_mat: diffuse 0.400000 0.470588 0.443137 roughness 0.010000 metallic 1.000000 emissive 0.000000
wall_mat: diffuse 0.882353 0.882353 0.882353 roughness 0.800000 metallic 0.000000 emissive 0.000000
light_mat: diffuse 1.000000 1.000000 1.000000 roughness 1.000000 metallic 0.000000 emissive 8.000000
}
scene{
box(
	material: ground_mat
	transform: position 0.000000 -1.000000 4.000000 rotation -0.000000 0.000000 0.000000 scale 1.000000 1.000000 1.000000
	bounds: 16.000000 1.000000 8.000000
	)
box(
	material: wall_mat
	transform: position 17.000000 0.000000 2.000000 rotation -0.000000 0.000000 0.000000 scale 1.000000 1.000000 1.000000
	bounds: 1.000000 2.000000 10.000000
	)
box(
	material: wall_mat
	transform: position 17.000000 4.000000 -4.000000 rotation -0.000000 0.000000 0.000000 scale 1.000000 1.000000 1.000000
	bounds: 1.000000 2.000000 4.000000
	)
box(
	material: wall_mat
	transform: position -17.000000 4.000000 -4.000000 rotation -0.000000 0.000000 0.000000 scale 1.000000 1.000000 1.000000
	bounds: 1.000000 2.000000 4.000000
	)
box(
	material: wall_mat
	transform: position 17.000000 8.000000 2.000000 rotation -0.000000 0.000000 0.000000 scale 1.000000 1.000000 1.000000
	bounds: 1.000000 2.000000 10.000000
	)
box(
	material: wall_mat
	transform: position -17.000000 0.000000 2.000000 rotation -0.000000 0.000000 0.000000 scale 1.000000 1.000000 1.000000
	bounds: 1.000000 2.000000 10.000000
	)
box(
	material: wall_mat
	transform: position -17.000000 8.000000 2.000000 rotation -0.000000 0.000000 0.000000 scale 1.000000 1.000000 1.000000
	bounds: 1.000000 2.000000 10.000000
	)
box(
	material: wall_mat
	transform: position 0.000000 4.000000 -9.000000 rotation -0.000000 0.000000 0.000000 scale 1.000000 1.000000 1.000000
	bounds: 18.000000 6.000000 1.000000
	)
box(
	material: wall_mat
	transform: position 0.000000 0.000000 13.000000 rotation -0.000000 0.000000 0.000000 scale 1.000000 1.000000 1.000000
	bounds: 18.000000 2.000000 1.000000
	)
box(
	material: wall_mat
	transform: position -14.000000 4.000000 13.000000 rotation -0.000000 0.000000 0.000000 scale 1.000000 1.000000 1.000000
	bounds: 4.000000 2.000000 1.000000
	)
box(
	material: wall_mat
	transform: position 14.000000 4.000000 13.000000 rotation -0.000000 0.000000 0.000000 scale 1.000000 1.000000 1.000000
	bounds: 4.000000 2.000000 1.000000
	)
box(
	material: wall_mat
	transform: position 0.000000 8.000000 13.000000 rotation -0.000000 0.000000 0.000000 scale 1.000000 1.000000 1.000000
	bounds: 18.000000 2.000000 1.000000
	)
box(
	material: ceiling_mat
	transform: position 0.000000 9.000000 2.000000 rotation -0.000000 0.000000 0.000000 scale 1.000000 1.000000 1.000000
	bounds: 16.000000 1.000000 10.000000
	)
box(
	material: ground_mat
	transform: position 0.000000 0.000000 -6.000000 rotation -0.000000 0.000000 0.000000 scale 1.000000 1.000000 1.000000
	bounds: 16.000000 1.000000 2.000000
	)
box(
	material: railing_mat
	transform: position 0.000000 2.000000 -4.050000 rotation -0.000000 0.000000 0.000000 scale 1.000000 1.000000 1.000000
	bounds: 16.000000 0.050000 0.050000
	)
box(
	material: railing_mat
	transform: position 0.000000 1.500000 -4.050000 rotation -0.000000 0.000000 0.000000 scale 1.000000 1.000000 1.000000
	bounds: 16.000000 0.050000 0.050000
	)
box(
	material: railing_mat
	transform: position 0.000000 1.500000 -4.050000 rotation -0.000000 0.000000 0.000000 scale 1.000000 1.000000 1.000000
	bounds: 0.050000 0.500000 0.050000
	)
box(
	material: railing_mat
	transform: position -3.000000 7.000000 4.000000 rotation -0.000000 0.000000 0.000000 scale 1.000000 1.000000 1.000000
	bounds: 0.050000 1.000000 0.050000
	)
box(
	material: railing_mat
	transform: position -6.500000 6.000000 4.000000 rotation -0.000000 0.000000 0.000000 scale 1.000000 1.000000 1.000000
	bounds: 4.000000 0.050000 0.500000
	)
box(
	material: light_mat
	transform: position -6.500000 5.800000 3.800000 rotation -0.000000 0.000000 0.000000 scale 1.000000 1.000000 1.000000
	bounds: 3.900000 0.100000 0.100000
	)
box(
	material: light_mat
	transform: position -6.500000 5.800000 4.200000 rotation -0.000000 0.000000 0.000000 scale 1.000000 1.000000 1.000000
	bounds: 3.900000 0.100000 0.100000
	)
box(
	material: light_mat
	transform: position 6.000000 5.800000 3.800000 rotation -0.000000 0.000000 0.000000 scale 1.000000 1.000000 1.000000
	bounds: 3.900000 0.100000 0.100000
	)
box(
	material: light_mat
	transform: position 6.000000 5.800000 4.200000 rotation -0.000000 0.000000 0.000000 scale 1.000000 1.000000 1.000000
	bounds: 3.900000 0.100000 0.100000
	)
box(
	material: railing_mat
	transform: position 6.000000 6.000000 4.000000 rotation -0.000000 0.000000 0.000000 scale 1.000000 1.000000 1.000000
	bounds: 4.000000 0.050000 0.500000
	)
box(
	material: railing_mat
	transform: position 6.000000 5.750000 3.550000 rotation -0.000000 0.000000 0.000000 scale 1.000000 1.000000 1.000000
	bounds: 4.000000 0.200000 0.050000
	)
box(
	material: railing_mat
	transform: position 6.000000 5.750000 4.450000 rotation -0.000000 0.000000 0.000000 scale 1.000000 1.000000 1.000000
	bounds: 4.000000 0.200000 0.050000
	)
box(
	material: railing_mat
	transform: position -6.500000 5.750000 3.550000 rotation -0.000000 0.000000 0.000000 scale 1.000000 1.000000 1.000000
	bounds: 4.000000 0.200000 0.050000
	)
box(
	material: railing_mat
	transform: position -10.450000 5.750000 4.000000 rotation -0.000000 0.000000 0.000000 scale 1.000000 1.000000 1.000000
	bounds: 0.050000 0.200000 0.400000
	)
box(
	material: railing_mat
	transform: position -2.550000 5.750000 4.000000 rotation -0.000000 0.000000 0.000000 scale 1.000000 1.000000 1.000000
	bounds: 0.050000 0.200000 0.400000
	)
box(
	material: railing_mat
	transform: position 2.050000 5.750000 4.000000 rotation -0.000000 0.000000 0.000000 scale 1.000000 1.000000 1.000000
	bounds: 0.050000 0.200000 0.400000
	)
box(
	material: railing_mat
	transform: position 9.950000 5.750000 4.000000 rotation -0.000000 0.000000 0.000000 scale 1.000000 1.000000 1.000000
	bounds: 0.050000 0.200000 0.400000
	)
box(
	material: railing_mat
	transform: position -6.500000 5.750000 4.450000 rotation -0.000000 0.000000 0.000000 scale 1.000000 1.000000 1.000000
	bounds: 4.000000 0.200000 0.050000
	)
box(
	material: railing_mat
	transform: position -9.000000 7.000000 4.000000 rotation -0.000000 0.000000 0.000000 scale 1.000000 1.000000 1.000000
	bounds: 0.050000 1.000000 0.050000
	)
box(
	material: railing_mat
	transform: position 9.000000 7.000000 4.000000 rotation -0.000000 0.000000 0.000000 scale 1.000000 1.000000 1.000000
	bounds: 0.050000 1.000000 0.050000
	)
box(
	material: railing_mat
	transform: position 3.000000 7.000000 4.000000 rotation -0.000000 0.000000 0.000000 scale 1.000000 1.000000 1.000000
	bounds: 0.050000 1.000000 0.050000
	)
box(
	material: railing_mat
	transform: position 2.000000 1.500000 -4.050000 rotation -0.000000 0.000000 0.000000 scale 1.000000 1.000000 1.000000
	bounds: 0.050000 0.500000 0.050000
	)
box(
	material: railing_mat
	transform: position 4.000000 1.500000 -4.050000 rotation -0.000000 0.000000 0.000000 scale 1.000000 1.000000 1.000000
	bounds: 0.050000 0.500000 0.050000
	)
box(
	material: railing_mat
	transform: position 6.000000 1.500000 -4.050000 rotation -0.000000 0.000000 0.000000 scale 1.000000 1.000000 1.000000
	bounds: 0.050000 0.500000 0.050000
	)
box(
